version https://git-lfs.github.com/spec/v1
oid sha256:ba4fca75d13dcc5e833280c5d3a7f9aa33e9e9eef65f807f68fda5eefb727ea5
size 39688303
